8.631119995117187500e+02
8.769702148437500000e+02
8.096678466796875000e+02
8.523672485351562500e+02
8.564801635742187500e+02
8.233112182617187500e+02
7.290538330078125000e+02
7.882708129882812500e+02
7.974904785156250000e+02
7.818312377929687500e+02
8.354583740234375000e+02
8.331212768554687500e+02
7.522783203125000000e+02
8.005585937500000000e+02
8.607976074218750000e+02
8.211230468750000000e+02
7.955628662109375000e+02
8.536884765625000000e+02
8.776383056640625000e+02
8.133635864257812500e+02
7.397382812500000000e+02
8.393914794921875000e+02
8.379950561523437500e+02
