8.630000000000000000e+02
8.790000000000000000e+02
8.080000000000000000e+02
8.540000000000000000e+02
8.560000000000000000e+02
8.260000000000000000e+02
7.210000000000000000e+02
7.910000000000000000e+02
7.970000000000000000e+02
7.820000000000000000e+02
8.350000000000000000e+02
8.340000000000000000e+02
7.540000000000000000e+02
8.020000000000000000e+02
8.650000000000000000e+02
8.209999999999998863e+02
7.930000000000000000e+02
8.579999999999998863e+02
8.800000000000000000e+02
8.130000000000000000e+02
7.430000000000000000e+02
8.400000000000000000e+02
8.390000000000000000e+02
